semi: 100
gt: 100
overlap: 90
pval:1.2122181505242757e-179
pcor:0.9402461801028335
pcor pval:5.773187302881009e-07
