semi: 100
gt: 100
overlap: 85
pval:8.39581845827901e-162pcor:0.9877179537141927pcor pval:3.2200414953956455e-10