semi: 100
gt: 100
overlap: 86
pval:3.205703466151656e-165pcor:0.9427585175370978pcor pval:1.4015268216359327e-06