semi: 100
gt: 100
overlap: 81
pval:9.59988389054069e-149pcor:0.9744450842438712pcor pval:8.223089527863177e-08