semi: 100
gt: 100
overlap: 91
pval:1.8073569018062438e-183pcor:0.9949557655002883pcor pval:2.550188321248219e-11