semi: 100
gt: 100
overlap: 89
pval:6.513052914584778e-176
pcor:0.961235510387124
pcor pval:6.458821465850284e-07