semi: 100
gt: 100
overlap: 80
pval:1.285562688845883e-145
pcor:0.41374672281004066
pcor pval:0.1252562214427669