semi: 100
gt: 100
overlap: 43
pval:2.371524070219218e-55
pcor:0.7545754508447157
pcor pval:0.0007299936597643374