semi: 100
gt: 100
overlap: 75
pval:1.0794428180249351e-130
pcor:0.9837585239350164
pcor pval:1.4860066256742528e-09