semi: 100
gt: 100
overlap: 56
pval:2.2078875246265228e-82
pcor:0.8887662400356918
pcor pval:2.1432564787467002e-05