semi: 100
gt: 100
overlap: 69
pval:3.8711366295455044e-114
pcor:0.1987365403168435
pcor pval:0.42919503027153477