semi: 100
gt: 100
overlap: 95
pval:2.125327400809993e-183
pcor:0.9400361977528031
pcor pval:5.259401590188248e-05