semi: 100
gt: 100
overlap: 94
pval:3.222958426463518e-179
pcor:0.968886466564963
pcor pval:9.251790766263602e-07