semi: 100
gt: 100
overlap: 92
pval:2.5426148011291633e-171
pcor:0.806308578746181
pcor pval:0.0008704321011277381