semi: 100
gt: 100
overlap: 96
pval:8.875012084353432e-188
pcor:0.592824160953906
pcor pval:0.0422060953235674