semi: 100
gt: 100
overlap: 93
pval:3.3578863927868474e-175
pcor:0.9889570961896194
pcor pval:9.003436063178123e-09