semi: 100
gt: 100
overlap: 91
pval:1.458004991863727e-167
pcor:0.9460728326731405
pcor pval:3.465955990532385e-05