semi: 100
gt: 100
overlap: 93
pval:3.3578863927868474e-175
pcor:0.9954838744253722
pcor pval:1.468280103407224e-11