semi: 100
gt: 100
overlap: 64
pval:3.813261160636829e-90
pcor:0.8695080071181502
pcor pval:0.00011273568209542882