semi: 100
gt: 100
overlap: 87
pval:1.675782734316886e-153
pcor:0.24498423520820306
pcor pval:0.3788444915639467