semi: 100
gt: 100
overlap: 97
pval:2.062874001786392e-192
pcor:0.6028493924945202
pcor pval:0.02249119233101552