semi: 100
gt: 100
overlap: 95
pval:2.125327400809993e-183
pcor:0.9593133647351856
pcor pval:8.20028935540738e-07