semi: 100
gt: 100
overlap: 94
pval:3.222958426463518e-179
pcor:0.9288808366363808
pcor pval:1.2705669902033107e-05