semi: 100
gt: 100
overlap: 92
pval:2.5426148011291633e-171
pcor:0.9593557031619995
pcor pval:8.158296741235748e-07