semi: 100
gt: 100
overlap: 96
pval:8.875012084353432e-188
pcor:0.9756905282362602
pcor pval:3.0776475642158597e-07