semi: 100
gt: 100
overlap: 93
pval:3.3578863927868474e-175
pcor:0.9965391102801711
pcor pval:6.250637327660709e-10