semi: 100
gt: 100
overlap: 91
pval:1.458004991863727e-167
pcor:0.36779212160324487
pcor pval:0.2657838672648078