semi: 100
gt: 100
overlap: 93
pval:3.3578863927868474e-175
pcor:0.9899702529983535
pcor pval:7.860076634010144e-10