semi: 100
gt: 100
overlap: 64
pval:3.813261160636829e-90
pcor:0.8640765545603866
pcor pval:0.0002895424965286132