semi: 100
gt: 100
overlap: 87
pval:1.675782734316886e-153
pcor:0.6972151501602137
pcor pval:0.008076368586211398