semi: 100
gt: 100
overlap: 97
pval:2.062874001786392e-192
pcor:0.9124662283102973
pcor pval:2.1146928488856125e-06