semi: 100
gt: 100
overlap: 90
pval:1.2122181505242757e-179
pcor:0.35153015895684214
pcor pval:0.2388685539023593