semi: 100
gt: 100
overlap: 85
pval:8.39581845827901e-162
pcor:0.9921496971328292
pcor pval:1.947666678166865e-09