semi: 100
gt: 100
overlap: 86
pval:3.205703466151656e-165
pcor:0.8553467697698214
pcor pval:0.0007878228395858696