semi: 100
gt: 100
overlap: 81
pval:9.59988389054069e-149
pcor:0.9776277931069868
pcor pval:4.2513984048328604e-08