semi: 100
gt: 100
overlap: 91
pval:1.8073569018062438e-183
pcor:0.9945286666860149
pcor pval:3.8260620699725336e-11