semi: 100
gt: 100
overlap: 89
pval:6.513052914584778e-176
pcor:0.9742937860978722
pcor pval:3.949333718678524e-07