semi: 100
gt: 100
overlap: 80
pval:1.285562688845883e-145
pcor:0.3529073437026161
pcor pval:0.2158443021706594