semi: 100
gt: 100
overlap: 43
pval:2.371524070219218e-55
pcor:0.9085288459247788
pcor pval:1.1248241766504487e-06