semi: 100
gt: 100
overlap: 75
pval:1.0794428180249351e-130
pcor:0.9933286163672685
pcor pval:1.0291888779935847e-10