semi: 100
gt: 100
overlap: 56
pval:2.2078875246265228e-82
pcor:0.03770976587579372
pcor pval:0.8938572324356283