semi: 100
gt: 100
overlap: 83
pval:2.9203893449053447e-155
pcor:0.9999999999999963
pcor pval:7.882695237633409e-58