semi: 100
gt: 100
overlap: 86
pval:2.503329243550031e-165
pcor:0.941908096624416
pcor pval:4.723990102814876e-06