semi: 100
gt: 100
overlap: 79
pval:1.2226814244981417e-142
pcor:0.9634759018603628
pcor pval:7.449599687605659e-06