semi: 100
gt: 100
overlap: 95
pval:3.997255928594782e-200
pcor:0.9986235487189375
pcor pval:1.5678478375815118e-11