semi: 100
gt: 100
overlap: 95
pval:3.997255928594782e-200
pcor:0.9992030740994449
pcor pval:1.7629274640804453e-12