semi: 100
gt: 100
overlap: 91
pval:1.391214805527712e-183
pcor:0.9886486179240475
pcor pval:1.4563308769898462e-09