semi: 100
gt: 100
overlap: 80
pval:1.0213812435319951e-145
pcor:0.9613733661166441
pcor pval:2.4222064232337256e-06