semi: 100
gt: 100
overlap: 85
pval:6.575172521212262e-162
pcor:0.7540519028323889
pcor pval:0.007342455859846445