semi: 100
gt: 100
overlap: 81
pval:7.605190366645489e-149
pcor:0.8913940813998554
pcor pval:9.891006679324693e-05