semi: 100
gt: 100
overlap: 82
pval:5.020362214353082e-152
pcor:0.9999999999999948
pcor pval:3.243473905923764e-57