semi: 100
gt: 100
overlap: 83
pval:2.9203893449053447e-155
pcor:0.9926669181452089
pcor pval:2.2099220441615116e-12