semi: 100
gt: 100
overlap: 89
pval:5.042338556352047e-176
pcor:0.9683816052166331
pcor pval:9.939517770918345e-07