semi: 100
gt: 100
overlap: 87
pval:8.123156530740906e-169
pcor:0.9515526126660616
pcor pval:6.6180362317762835e-06