semi: 100
gt: 100
overlap: 89
pval:5.042338556352047e-176
pcor:0.9620449325590237
pcor pval:2.2405667103617796e-06