semi: 100
gt: 100
overlap: 87
pval:8.123156530740906e-169
pcor:0.9735349780523236
pcor pval:2.136753405289633e-08