semi: 100
gt: 100
overlap: 90
pval:9.357923958116698e-180
pcor:0.9955066468977414
pcor pval:1.5892255196652548e-10