semi: 100
gt: 100
overlap: 65
pval:6.831699113517346e-104
pcor:0.7667845846893044
pcor pval:0.003616837456407119