semi: 100
gt: 100
overlap: 79
pval:1.2226814244981417e-142
pcor:0.9609674572050129
pcor pval:9.687164922532446e-06