semi: 100
gt: 100
overlap: 83
pval:2.9203893449053447e-155
pcor:0.9996405219769323
pcor pval:7.302643173789351e-14