semi: 100
gt: 100
overlap: 86
pval:2.503329243550031e-165
pcor:0.9795696392808979
pcor pval:7.436948732178478e-07