semi: 100
gt: 100
overlap: 79
pval:1.2226814244981417e-142
pcor:0.9941119565717611
pcor pval:5.35326368002077e-10