semi: 100
gt: 100
overlap: 95
pval:3.997255928594782e-200
pcor:0.9980052649015462
pcor pval:4.127216023028273e-12