semi: 100
gt: 100
overlap: 95
pval:3.997255928594782e-200
pcor:0.9990969506281878
pcor pval:1.1683006206859868e-13