semi: 100
gt: 100
overlap: 91
pval:1.391214805527712e-183
pcor:0.9864502015515239
pcor pval:2.2525019573873068e-08