semi: 100
gt: 100
overlap: 80
pval:1.0213812435319951e-145
pcor:0.9848747826137902
pcor pval:3.686717061674605e-08