semi: 100
gt: 100
overlap: 85
pval:6.575172521212262e-162
pcor:0.9636728939898893
pcor pval:7.291924906760236e-06