semi: 100
gt: 100
overlap: 81
pval:7.605190366645489e-149
pcor:0.591877508862122
pcor pval:0.025760649112107396