semi: 100
gt: 100
overlap: 82
pval:5.020362214353082e-152
pcor:0.9995742140103812
pcor pval:1.4372145596981395e-13