semi: 100
gt: 100
overlap: 83
pval:2.9203893449053447e-155
pcor:0.9929273116139283
pcor pval:1.7799504764323753e-12