semi: 100
gt: 100
overlap: 89
pval:5.042338556352047e-176
pcor:0.9740398658584555
pcor pval:4.126426057624198e-07