semi: 100
gt: 100
overlap: 87
pval:8.123156530740906e-169
pcor:0.9960197498826822
pcor pval:1.0928075250567112e-09