semi: 100
gt: 100
overlap: 89
pval:5.042338556352047e-176
pcor:0.8386603935666017
pcor pval:0.00034033423988211534