semi: 100
gt: 100
overlap: 87
pval:8.123156530740906e-169
pcor:0.982270489585715
pcor pval:7.507380069580271e-08