semi: 100
gt: 100
overlap: 90
pval:9.357923958116698e-180
pcor:0.9861802976775721
pcor pval:3.8789533685137335e-09