semi: 100
gt: 100
overlap: 65
pval:6.831699113517346e-104
pcor:0.65634038810046
pcor pval:0.020443242592866492