semi: 100
gt: 100
overlap: 79
pval:1.2226814244981417e-142
pcor:0.9841315144842473
pcor pval:2.721610175818338e-07